10,261
10,215
10,142
10,179
10,144
10,171
10,205
10,113
10,2
10,3
11,24
11,29
11,28
11,22
11,30
11,18
11,13
11,2
11,3
9,5
9,1
9,7
9,2
9,3
8,5
8,4
8,16
8,13
0,318
12,2
12,1
12,3
35,9
35,8
35,7
35,6
35,5
35,4
35,3
35,2
35,1
35,0
34,7
34,6
34,5
34,4
34,3
34,2
34,1
34,0
33,98
33,97
33,96
33,95
33,94
33,93
33,92
33,91
33,90
33,89
33,88
33,87
33,86
33,85
33,84
33,83
33,82
33,81
33,80
33,79
33,78
33,77
33,76
33,75
33,74
33,73
33,72
33,71
33,70
33,69
33,68
33,67
33,66
33,1
33,65
33,64
31,5
31,3
31,1
30,4
30,3
30,1
29,4
29,3
29,1
28,5
20,2
28,4
20,1
28,3
20,3
28,1
27,3
27,1
25,5
19,2
25,4
19,1
25,3
19,3
25,1
24,4
24,3
24,1
11,23
11,12
11,1
11,7
10,308
18,1
